60 60
6.73780 3.06012 3.05648 5.80290 0.92938 5.10820 2.36989 9.30707 6.08214 7.83203 6.64109 6.79506 5.44553 3.19600 0.56340 7.57008 5.36030 0.50670 3.03206 0.67845 3.14656 6.39766 7.57792 7.97438 4.66722 2.76987 3.52065 9.37293 8.35637 8.54317 7.86641 9.66621 7.47659 0.78767 6.31392 4.19741 9.40893 8.71774 0.31833 6.29624 1.71754 9.47476 9.52433 6.53178 9.02732 9.69223 2.56307 0.39425 6.02927 7.50458 8.75331 8.50003 3.50156 8.79965 9.02882 1.47074 7.96756 3.48793 4.13221 6.31751
8.52837 7.03035 1.42509 9.97793 5.97537 8.42236 3.18663 0.17604 7.86443 4.36614 6.41747 1.59390 6.97737 6.18851 3.60814 3.34366 0.03004 3.81779 7.43967 7.78264 8.53435 7.96777 1.42882 6.51926 5.77121 8.74018 1.82388 0.78190 1.46226 5.17510 8.17523 3.88395 6.59584 2.02538 2.60594 7.39987 8.10260 4.42984 7.47831 8.40196 5.55160 7.97432 7.56973 8.42872 6.02253 6.46643 2.82006 2.78807 5.44985 9.18566 0.99977 2.77453 4.16272 2.05291 2.78209 8.16419 9.51209 5.54040 4.42424 8.09302
2.72219 3.47862 9.62845 4.93538 0.90020 7.53828 2.10097 2.67740 1.75509 8.63135 2.86602 5.71899 8.81519 3.54968 0.53128 9.95432 2.46045 0.86263 3.53009 7.33102 6.34524 1.39136 1.85930 6.60546 3.11010 3.68368 3.30377 3.72057 9.57348 2.10277 4.54335 0.85436 6.40183 1.42669 0.50450 4.27430 1.08514 3.48180 2.44322 2.64257 1.10795 7.47675 5.85055 3.44394 9.88993 8.25941 8.41222 9.42697 2.83115 9.63276 5.58568 7.76332 0.96159 3.00609 0.26850 5.04785 2.84131 1.52125 6.96638 0.66972
1.34738 9.76076 9.29763 5.19464 6.74697 5.13427 5.87910 9.48653 4.58918 9.43698 4.78779 1.15059 4.56129 1.47497 4.81448 3.54748 0.29762 9.04674 6.11398 5.28092 2.55829 8.85367 3.64956 2.71763 7.81556 4.58228 7.29198 4.57270 8.77224 0.65836 8.03997 8.09329 2.54304 8.18562 2.00360 6.75176 8.26248 2.52617 4.56055 8.31837 2.33123 3.08086 7.67693 2.23131 9.40820 6.89188 1.79054 9.39350 1.68215 8.95797 4.12905 1.53204 6.28819 5.63262 5.12584 5.11910 3.98727 3.27455 1.90437 1.53729
3.90532 7.43690 6.85285 0.71008 7.26232 2.70451 6.34008 1.04136 1.14125 4.02595 6.80333 0.06242 6.33002 7.85286 9.62525 9.00380 7.67429 3.80614 4.68811 9.91831 0.51978 4.61526 2.00060 0.15919 2.07009 1.44867 2.90755 8.51698 2.40987 4.63292 7.29454 5.24137 9.57662 7.88143 3.79743 7.67605 2.53917 0.33135 6.73407 3.22894 4.74712 4.02052 3.91345 3.63513 5.21009 6.01954 2.83531 2.53670 2.05348 4.95097 8.99379 0.14878 4.97914 9.30582 4.24144 2.92669 5.98510 8.59580 9.27539 3.72714
9.28984 1.46252 8.98932 0.05776 3.53942 6.28991 2.56278 8.70044 0.32345 0.99010 1.54680 9.11233 1.08314 1.23619 1.67249 0.13063 1.43690 2.15291 9.41158 6.59520 6.64188 5.53506 5.90597 1.11606 9.89544 6.67794 8.77599 4.24537 1.80299 1.07159 6.93861 9.72335 5.79161 2.83224 2.98431 4.82295 7.68592 5.80612 8.00263 8.51408 0.43458 4.71988 5.88008 9.32664 2.45477 6.45201 6.82015 0.48165 9.57552 5.22208 0.25725 5.14687 2.96441 9.91646 0.81243 1.89213 1.76584 6.98461 6.67139 5.27620
9.49901 5.76708 1.57202 5.75091 7.79439 1.40227 7.50060 8.50622 7.14329 3.31457 2.83111 5.20921 9.18650 9.23443 8.07169 1.66025 8.53115 7.30014 6.12751 8.26974 0.33216 6.37365 3.94635 5.48124 5.78519 4.16507 0.05136 4.41449 8.66489 1.55246 7.06482 0.11438 3.72338 5.65890 2.34578 6.34769 3.91467 0.79801 2.16879 1.71427 6.33780 9.76528 8.97044 7.43859 5.99847 2.23626 4.41986 9.06021 3.07250 9.68859 2.61335 4.87804 6.37671 2.20191 8.07754 9.40946 2.44780 7.48950 8.90492 8.13895
9.38821 1.25292 9.34121 1.54437 3.35340 7.91543 5.35971 7.68884 3.05784 7.80424 3.96463 9.40165 4.69154 8.71696 7.71521 8.01023 7.18627 6.53469 4.56005 6.77612 1.41251 7.52455 9.98229 3.54105 6.01639 5.14734 2.92588 3.39929 1.29682 0.83185 0.18990 3.32695 9.01666 2.89821 1.19938 1.51705 4.07667 9.10383 7.98008 9.69014 2.18794 2.80143 2.21885 5.02639 9.14647 5.42561 1.89576 8.13583 2.81428 3.77896 6.93320 5.20182 3.16216 5.09830 9.93169 9.40257 1.50817 6.60403 7.34378 4.01843
2.50594 4.63159 2.39292 2.29879 2.15551 1.46503 0.75483 6.64247 2.02575 1.70389 2.23869 7.86054 5.59776 3.83127 2.14655 5.49333 4.68009 9.74486 6.19842 9.55628 9.39687 8.98792 3.05345 2.81860 4.18511 9.95416 4.40336 2.09178 2.06004 6.35077 7.48782 4.88258 2.45217 3.30067 6.78092 6.51949 0.75885 6.97162 7.88853 5.98024 3.01016 0.45075 7.65851 1.51635 0.86397 5.00311 6.30513 7.58410 9.57429 7.45584 7.11199 9.12418 0.49581 7.46411 7.24278 1.24961 5.81122 2.08353 7.37961 2.57352
1.37546 6.50784 2.52472 4.21051 6.83651 3.12845 2.96876 2.99761 5.01746 8.45400 5.61027 5.96421 7.62642 5.08779 0.47719 7.32702 8.83423 7.52041 2.62968 4.38720 7.78278 5.44715 8.22568 6.05824 0.65149 5.94225 7.54908 5.32368 4.40604 3.69334 9.67149 4.86020 3.76953 4.29936 0.90797 2.73475 3.15357 0.41891 8.21871 6.01302 3.85538 4.40702 5.10611 2.55583 2.37206 6.51715 8.24344 7.86741 1.02433 6.78137 8.80970 9.48568 9.44053 7.50176 6.48151 3.49063 9.44012 8.16390 2.37556 2.53168
8.38448 9.03610 3.62655 9.13287 0.35666 5.45746 6.21760 3.10919 9.60470 5.70400 0.02797 5.59564 6.17034 6.81210 5.90503 1.86426 3.62723 4.49392 4.60820 0.56952 9.50946 7.20742 7.60736 5.73314 7.03743 0.27860 6.19351 5.28000 8.96051 2.48998 5.57979 2.45051 7.89812 9.81451 0.63565 4.50930 7.24094 8.15460 8.28765 0.95911 5.56135 6.90483 8.12793 6.95545 4.90368 2.86875 6.78058 5.27307 7.13358 8.23258 1.80891 2.04308 4.83087 7.34262 5.10815 3.40282 0.58392 0.90197 5.10233 1.20169
0.66986 2.87182 1.99496 5.04155 6.13242 8.03179 9.79436 6.65928 3.23304 4.22714 5.01449 6.20444 5.50344 5.64770 9.28541 5.04674 3.06971 6.12367 7.27623 0.15278 8.89422 4.27374 8.95235 1.67053 2.00804 8.10705 9.18901 8.60582 7.49790 5.02559 8.59538 4.48549 2.31848 7.34074 0.55985 9.55335 2.64990 7.05274 6.71345 1.08540 2.84511 3.49358 0.75561 0.84798 6.13216 7.17477 2.40943 1.76192 9.85635 7.93396 2.40976 7.81938 8.07542 8.28321 2.18282 1.81167 5.25470 6.05980 2.39319 3.15699
5.68967 1.64296 7.26691 7.96437 8.88884 9.36536 4.38088 1.28454 5.89598 7.46299 9.26519 2.44393 9.53510 6.10835 2.66747 1.46309 1.14124 3.09012 8.63427 6.08805 4.78117 6.21437 1.24165 9.43146 5.69793 6.10580 4.80089 8.94604 1.53661 9.09452 7.30427 2.72863 0.45185 8.59143 5.89809 4.22182 2.10542 3.75885 2.55260 7.81205 1.14217 6.86997 1.39090 6.39925 4.05256 6.66262 1.50916 3.45884 9.36352 2.71368 8.41582 6.92018 6.14009 7.99808 2.96932 0.94492 8.83645 2.07754 1.85657 8.38305
1.40812 6.54372 9.52616 9.56055 7.74805 5.60556 4.57138 8.06275 1.22440 6.53430 3.11049 6.78023 8.55800 8.28996 5.95027 4.68359 8.69890 5.61107 5.86783 0.34275 2.48419 4.84137 6.09733 6.75602 3.59481 2.32978 7.69023 8.27646 2.72625 3.49097 0.42399 5.44725 6.33018 6.60236 5.72340 4.18214 8.24095 1.45607 3.17760 3.66752 4.51148 0.67017 3.43447 2.97649 6.02777 2.69898 2.38261 8.08332 0.29693 8.91350 4.58794 0.18534 0.17412 5.13729 7.17362 2.08849 9.13596 6.91735 9.02680 3.45734
6.70068 6.96331 4.60070 4.94943 2.38393 0.47197 5.56689 1.51863 9.03566 0.70964 5.95870 7.32096 6.23611 3.68296 1.31157 2.78046 8.36265 3.72591 1.97871 0.76476 0.05573 8.18179 1.43604 4.70332 1.27846 8.03330 3.47811 1.90510 3.38115 2.22172 4.12287 1.11796 2.24280 5.74991 5.71485 9.22667 9.78248 9.13516 5.39641 6.18763 3.16166 2.41969 3.86642 6.93986 0.53421 9.65197 7.86582 5.85584 1.50724 4.50503 3.51868 0.68301 3.39015 9.37945 7.19201 0.62109 3.20859 5.29864 8.56651 7.01047
2.43744 8.02927 5.85817 8.18297 7.65148 2.18153 5.53822 8.92200 2.17302 4.64619 4.63258 9.78374 4.98002 1.00877 9.36430 6.41822 2.83438 7.02503 2.87625 4.45706 3.60522 6.53519 5.47250 1.73624 8.00599 4.54026 5.45165 4.72250 0.26562 0.28570 7.01738 8.93537 7.96855 9.88320 8.27382 0.61647 9.09456 7.18405 6.48605 9.08082 0.48087 7.34603 9.18968 0.23717 4.97249 5.88815 7.53739 9.58430 0.60798 6.89052 8.41315 0.40187 0.23893 9.91419 4.05209 6.19918 7.21302 2.97562 3.28972 0.59665
5.92600 7.16787 9.14864 6.65062 9.05478 7.73628 3.84007 1.38013 8.34286 7.54987 6.08269 6.38966 8.23228 9.33847 7.23938 8.24267 0.54483 9.62135 0.52719 6.09902 0.08410 4.87026 2.15498 2.61899 3.92619 2.58855 2.20102 0.90673 9.17467 7.46998 3.84296 8.76301 9.44487 4.18133 9.42016 9.88162 8.39012 6.14524 3.61265 6.22229 6.56536 9.48565 1.69523 0.63779 5.14171 6.92776 2.77890 2.65313 6.16708 9.99884 1.09883 1.38558 3.68259 7.77069 5.93024 5.62918 8.48427 0.26988 2.42798 3.08852
2.32918 1.05686 2.17536 9.22795 6.33642 0.67044 7.98280 9.84917 8.10417 7.15724 2.50613 4.22299 5.81819 7.28530 9.58879 2.59601 7.61634 6.63589 4.93929 8.43282 6.53792 7.26998 4.38749 5.62697 9.61409 2.70287 6.12741 6.14222 3.79342 8.93690 2.17761 5.24388 1.98076 7.18095 3.23982 7.08976 5.59608 3.83685 6.93341 5.33411 9.95066 6.95641 9.65359 3.96872 8.04227 0.52819 1.68423 3.48092 8.69758 1.39573 1.58256 0.48325 1.52017 4.71096 3.56572 2.08623 2.54152 3.73642 7.24910 1.08185
9.64221 8.81942 4.44417 6.89245 2.66518 1.24072 1.98753 5.92040 0.99175 8.42540 7.03382 0.06861 4.35672 0.70261 6.00618 9.66724 2.45668 1.74793 6.98962 9.61048 3.81077 6.36396 8.67244 7.63389 4.60385 7.37660 4.55491 9.81412 2.90345 8.84204 9.55442 8.73142 5.82119 1.59922 6.16169 7.70180 1.96281 1.72091 7.56445 4.19260 1.74810 6.89534 7.07390 4.40775 5.96812 9.20233 7.09847 7.82806 9.32785 3.35568 5.36865 2.83731 0.42180 8.57915 5.85278 5.30431 1.68628 3.40401 1.82976 4.33200
4.16716 8.86988 1.71203 1.45103 5.29080 3.62060 0.69881 8.39970 8.92905 2.52074 7.65894 6.77014 2.07382 9.27526 3.79849 6.52718 9.13924 2.28141 2.88776 0.18368 3.38666 4.42647 4.57584 8.04962 2.33634 5.48476 7.30640 6.26359 5.93331 9.99264 5.05502 8.67062 7.55144 7.01891 4.69597 6.64267 1.14538 8.05631 6.39237 1.15300 4.04999 4.01376 8.49167 0.20020 6.15076 8.41290 6.22560 0.31482 5.79819 7.12029 9.33317 0.02963 7.46156 3.24752 6.35094 1.25766 2.62088 7.69969 6.72407 0.99815
0.58806 5.76236 0.42945 8.54067 7.89786 3.26237 3.49063 0.06087 1.37491 5.89087 9.47666 8.07880 0.02923 9.65250 0.62049 3.65160 0.44039 0.11692 9.84812 3.82213 1.06618 2.18386 8.43031 9.02679 1.05324 5.00302 2.07841 9.42274 6.84766 4.86357 2.75867 3.95717 2.44861 7.19746 1.82403 1.88536 9.16930 0.55945 3.28415 7.35181 0.91403 3.83707 1.83547 4.40879 9.11522 0.34636 6.50160 1.48693 6.26037 4.24768 9.36095 9.96103 8.74386 7.42409 7.93679 9.26541 3.73096 6.35704 0.98752 5.62731
8.49923 2.77539 3.28944 5.24239 0.53581 0.30368 3.32566 8.21095 0.92750 7.54806 3.76440 7.15320 9.73082 2.27208 0.91925 1.97877 6.86391 1.05138 6.59126 6.61129 6.44133 9.55864 9.13781 3.20585 4.60820 2.74535 9.26519 5.67136 2.39184 7.16805 4.60345 8.17072 3.71644 0.07146 5.83361 5.93501 8.95915 6.31112 8.87227 7.14401 0.26848 2.63973 2.61972 5.48366 0.47073 9.26457 4.47176 1.84303 8.13442 2.08633 5.51482 1.20763 0.94034 1.26627 5.99863 3.25322 9.48739 0.70030 0.62070 3.15415
3.77791 3.29642 2.39271 1.92247 5.59461 2.58941 0.02333 4.51629 9.38538 0.88512 9.42508 5.03161 0.87244 7.20923 1.32666 0.97621 7.85019 3.28440 3.61520 1.65208 4.37136 5.47548 3.73509 6.54605 1.27841 3.55631 3.11971 4.99134 5.14420 7.09705 1.18816 5.24873 3.68346 9.65081 8.66986 0.73496 0.34280 5.45800 1.00618 5.35786 5.78613 9.87789 1.93899 8.28984 3.07451 5.31131 4.39059 0.86088 4.71932 8.43260 2.61956 9.62220 3.45870 3.79382 7.85782 4.21560 0.01715 3.40222 7.10989 8.24520
7.13541 2.90409 6.95374 6.88577 0.86108 7.98862 5.75747 2.72472 1.70438 7.13941 5.38892 1.88237 3.52714 4.75220 1.93512 3.53359 1.80311 8.18768 3.87818 3.41934 3.72671 0.36593 2.38806 6.09587 6.23948 0.96241 1.88020 1.60662 2.85036 6.83678 4.05801 1.85443 7.20561 7.65414 7.44191 5.57571 4.21658 1.82904 0.94481 7.47346 6.35143 7.76412 6.66790 4.18690 4.14148 1.54975 4.18673 8.17977 0.79376 7.95611 6.32700 3.09522 3.94020 1.03276 8.61964 2.32646 6.70222 8.74116 4.57551 4.64635
8.59939 1.59467 0.93038 6.49076 5.62767 0.37990 8.12855 4.65896 6.66285 0.44691 4.24230 6.94928 4.85391 6.77780 1.92329 1.79962 7.17535 7.93284 6.33641 0.82000 4.71181 4.33284 2.44236 5.04007 4.93238 1.15736 2.66648 4.68012 3.89795 0.24548 8.17599 8.10554 9.29258 3.12943 0.69299 9.23492 9.92600 0.50701 7.77124 1.07573 9.55666 9.63538 2.93505 1.90533 7.63342 8.19640 5.78142 7.73847 5.06392 5.37681 2.87798 3.77891 6.00471 4.29591 0.63350 7.82544 1.12473 2.51353 8.42522 7.78128
3.16761 3.97090 1.20352 7.60658 4.74071 6.16581 8.04610 1.60903 3.92266 9.01714 9.28100 4.01387 4.88739 1.18432 5.47022 7.47653 1.65883 7.41767 4.75695 7.37089 1.16066 1.25912 3.43336 2.69459 0.94226 6.76982 7.58976 7.02272 5.86633 8.88791 1.20192 0.24614 1.09192 1.90375 8.63826 1.71942 7.27083 1.69427 1.68206 0.17288 4.16423 1.42421 5.02289 5.68082 6.74887 9.30529 6.50834 4.82834 2.46693 9.86276 4.78441 8.85497 2.36440 9.20536 7.56046 8.18332 9.11744 9.90382 8.07937 1.83155
4.36111 7.30295 6.18385 0.64538 2.42051 4.36452 2.51665 7.48908 5.70684 4.36788 0.32142 5.18102 7.10954 8.39252 2.18899 1.30640 3.31147 5.12921 4.45357 6.16165 6.74663 4.24268 2.69379 0.50733 1.00181 1.07774 5.52303 4.69806 2.78937 5.72339 4.49242 9.13110 6.49867 1.07631 7.47950 1.54174 4.84970 9.94753 1.00127 9.58473 0.45967 3.70154 9.88434 4.83881 5.46750 3.30537 6.47021 9.58665 6.79078 3.95020 3.75580 6.35083 2.13688 9.40826 8.48583 9.32328 7.13591 1.26947 4.09604 5.86725
3.21042 3.13446 6.95392 2.00875 5.98793 7.47806 3.57564 7.42540 1.74243 1.15866 5.45596 1.73001 7.98272 0.82073 9.60663 7.96932 1.47741 9.01994 3.29023 1.65045 5.47289 2.50517 6.33544 4.06852 9.74418 3.64612 8.65113 6.05495 0.44517 8.21187 4.73720 9.51919 8.33063 2.40956 9.53759 2.68768 5.83918 4.34037 7.13053 3.85893 2.27448 4.23039 1.56755 1.01648 7.28361 9.74208 9.89545 4.70742 3.40587 4.42322 7.16583 2.75699 1.36916 5.62027 9.65081 8.74201 4.85094 2.64494 6.40384 6.31880
9.13768 0.25405 4.13780 9.77643 2.41893 0.72394 3.64525 3.53982 2.48452 4.76205 8.99734 0.91557 4.45667 7.57722 8.56476 5.51098 8.56569 9.50989 0.79826 0.25683 3.14079 3.33119 0.84734 3.11162 8.89295 8.26816 7.82936 5.49035 1.16490 5.35343 9.95591 5.94910 8.94675 0.88041 0.09933 4.64208 3.44263 8.59259 1.06381 7.02465 3.42711 5.35248 1.65605 6.07083 4.09352 1.84168 6.11000 1.25370 1.94543 5.40134 2.54070 5.20811 2.89410 4.92754 8.05989 6.24426 6.67170 3.75741 4.98157 3.88290
7.04869 4.38665 4.88924 0.95065 7.14746 7.12179 5.91988 8.09296 4.29959 1.22497 9.18808 2.09372 4.84617 6.54447 4.35279 0.45407 5.76886 0.60217 3.79326 3.83227 8.62764 5.86879 5.08502 2.86499 3.61401 5.92753 9.14055 1.24969 9.91945 2.04099 2.21840 8.98604 8.53725 8.99796 7.18472 4.43675 8.35812 6.40400 7.33485 0.58382 3.90363 1.78756 1.06136 6.73822 4.41917 2.75986 2.84954 0.48367 9.25737 6.89796 8.44587 0.74109 5.88065 6.47695 4.01721 8.09724 9.23010 7.92654 3.12889 8.53370
0.68163 0.91922 2.70037 4.59058 4.79181 9.64456 2.74568 5.70990 2.66766 8.92648 6.00661 2.79832 6.98493 6.05663 9.10365 1.15606 4.23810 9.58575 0.22885 0.15959 7.89892 3.43406 4.51413 8.70873 4.94712 9.85602 0.25144 4.83952 6.79835 7.74448 3.38227 3.19350 9.11793 1.17170 7.09233 1.73417 1.46998 6.72334 4.06791 8.35562 4.18262 9.45626 3.82374 2.49729 9.90700 8.86550 3.35230 6.49773 4.36906 6.60484 4.74867 3.23973 0.56092 3.11534 0.74799 6.35024 7.80336 7.19740 7.13020 5.64408
6.72777 8.65650 2.32266 5.54049 2.65331 9.55569 6.27457 1.91013 6.37858 9.79539 4.41885 6.82762 7.30099 9.18507 3.05381 7.86080 1.82263 1.37538 2.03624 3.10163 3.28320 4.36899 6.48852 3.69421 7.25491 4.42884 4.95646 9.95451 0.67534 1.50933 9.31734 0.91879 3.64448 6.50462 1.00166 2.81763 9.21135 7.65621 5.53093 2.04175 4.59388 8.73550 1.79444 0.57821 6.71019 4.63968 8.32478 9.91023 6.79673 4.90265 9.72925 2.46820 4.65940 5.08035 3.05952 3.02851 8.17189 9.66502 4.15608 2.47054
9.14755 3.21855 4.84372 2.42272 7.57041 6.49817 2.56071 7.22050 0.14692 6.80328 7.87855 4.29686 0.01066 9.38306 5.19987 1.01397 5.35428 8.77442 4.47435 8.06227 8.57182 5.38866 5.93227 4.16756 3.69802 4.43199 8.67050 8.98367 1.37882 4.77427 7.44935 1.64795 5.15428 1.84304 0.88000 1.97962 2.09106 5.01373 1.00318 1.45666 6.61282 0.01795 8.25484 0.36710 6.74424 4.70763 3.34637 0.82439 2.27559 4.01192 9.22443 7.59247 0.14661 5.79108 3.99097 8.00224 3.69211 8.47369 6.03650 3.73332
6.91577 3.07669 1.34663 3.94432 4.31342 8.76949 1.51526 4.30338 9.67525 5.80824 3.78634 3.69519 9.80201 8.33140 5.00606 1.16492 1.31345 9.47443 9.56755 5.13664 7.42168 1.54600 8.49069 4.71201 0.33791 5.18116 5.77384 7.47975 1.32981 1.71856 0.40386 0.88205 8.68921 2.02437 8.85775 3.87295 6.63842 5.33268 4.93168 2.02785 7.25343 9.99079 9.14217 0.51689 6.43451 5.01278 0.29450 8.01177 5.16955 2.78385 7.63175 1.64969 5.62856 6.11369 9.34385 8.29224 9.89152 8.14195 6.61628 4.78540
1.15936 3.29585 0.28525 5.79963 6.49369 6.26895 6.75583 4.26833 4.28333 8.84154 7.02784 6.68744 7.74338 1.09062 6.29191 1.48465 7.51597 7.21704 8.28967 0.26503 5.92918 0.39644 9.71439 1.41538 3.84123 9.70656 3.42999 5.96184 4.26435 6.50819 2.33190 0.20855 1.57041 1.17685 6.37545 0.28235 7.26249 2.74342 4.09919 8.68427 2.49566 6.03516 0.73279 0.79388 0.81900 3.70751 8.42372 6.94780 4.27312 5.07812 9.11411 6.19267 5.59588 2.14553 9.17863 7.62375 2.31521 1.39878 5.24433 4.16197
6.19021 0.35581 4.07167 8.00533 0.88804 0.99129 0.73711 6.18417 3.39373 4.53470 1.22430 7.91795 9.09033 1.76389 3.18604 2.46090 9.63093 3.50328 8.05014 0.90477 4.99317 3.75043 5.27198 7.06905 3.42670 7.95854 4.71361 4.10788 1.19985 4.46295 1.43143 2.79160 6.09800 7.33402 9.61556 3.84767 5.11647 4.88075 4.17947 3.23534 7.92840 2.82496 2.40036 4.87122 6.41011 6.95874 1.47709 9.39657 9.55038 0.42104 3.72107 7.11099 1.94729 3.22016 1.59956 4.86572 0.47714 1.86048 4.34950 3.82715
3.80613 0.68416 8.58270 3.78934 3.34688 3.73375 6.43342 1.85621 9.94726 5.90039 3.84537 5.59160 7.97068 5.28380 9.25272 5.18137 7.95197 9.51409 2.19713 9.66725 0.82335 5.22815 5.58253 8.12301 9.23078 8.82055 6.05604 1.72605 7.22463 9.20418 0.34527 6.59021 5.22592 3.96116 6.51520 4.27777 3.06884 7.61711 2.28819 3.80271 9.14381 6.61566 3.22004 2.43766 4.60855 2.33306 3.65868 8.28546 1.67930 1.28068 0.20635 0.36460 4.71696 6.25241 6.62512 5.11045 2.60223 0.42895 2.81757 3.80951
4.94285 2.10346 3.34168 0.81397 2.92306 3.57031 2.02113 0.95686 7.16874 9.96213 7.51500 0.21159 4.51629 8.37441 3.55542 8.05828 7.93865 2.46902 9.09008 9.30896 9.34076 4.54426 6.31454 1.83363 3.01440 5.94493 2.01053 3.62027 4.51981 0.76161 0.06819 9.16662 5.55270 2.13514 6.33719 5.64362 8.43797 7.98719 4.69314 8.14874 1.07634 0.86512 4.04422 1.75969 2.42916 1.76774 4.25094 3.74108 6.18404 6.56337 9.23835 6.63683 1.65697 4.48819 7.05011 2.30054 5.43573 0.82178 6.04388 1.76562
9.69294 9.94262 5.10003 9.82305 7.09874 1.81214 6.19492 6.63786 4.94301 6.67021 1.19728 4.72790 8.93631 8.24149 0.61750 1.11433 0.53745 8.74569 0.77021 2.36911 3.09190 1.41326 4.05123 6.42756 3.40643 3.87896 5.02947 2.09489 3.72692 6.85766 8.44654 8.31667 4.92965 3.35684 2.66850 2.23306 1.25709 0.02727 3.54868 3.61697 8.08306 9.35602 7.77350 2.16643 8.44149 9.55044 4.95781 7.16864 9.73920 1.15342 3.44753 4.74012 4.49559 0.62067 6.36701 8.22207 0.08699 6.20177 8.60911 5.29687
6.46766 3.53317 4.92007 4.75683 4.44341 3.75869 6.72712 9.95713 3.16322 5.13600 0.09755 4.32455 2.98237 9.00288 7.96335 0.26301 5.50533 0.15351 8.41449 1.53033 2.08109 1.01936 6.78986 0.02372 8.68234 6.61364 7.04210 3.61065 7.73686 4.61492 0.36340 0.25021 5.34042 4.44928 3.22155 5.67151 4.05168 9.88535 0.12280 3.45619 1.68063 8.89960 4.96646 0.77739 9.90545 4.59494 0.92999 9.61923 7.34202 9.94905 9.94791 6.02639 9.67831 6.71032 4.28130 1.23061 2.59772 3.92140 4.69447 5.74186
3.21213 3.21684 9.02079 2.98115 4.24572 9.44726 7.71462 1.53262 6.64511 1.75660 1.40495 9.55804 7.13891 6.73121 8.74310 1.75761 3.27026 9.01850 5.24250 9.90543 4.39972 5.74603 6.58414 2.01599 0.06341 7.57212 7.66276 8.70215 4.92547 0.12238 8.81610 3.61603 2.81387 5.98168 0.02753 7.14764 2.86442 3.71112 5.65457 6.83825 8.15409 6.26040 3.15708 3.11426 9.61262 2.50244 9.42718 4.03528 2.49828 0.97324 3.99614 2.89360 4.88137 9.57193 9.65296 6.13370 6.56685 9.55319 4.30856 0.37840
0.05553 2.96263 7.73394 3.49226 3.96388 4.53343 8.45103 1.06603 0.00041 2.91622 9.00035 2.98691 9.03705 7.42813 4.34509 5.78695 9.34367 7.99520 2.33843 5.94814 5.11717 0.62853 2.55693 9.91358 4.30016 8.85077 6.33615 0.01036 7.97350 8.32326 8.39560 4.36513 5.12838 2.71987 3.88312 9.44559 9.15092 0.46629 3.11197 0.35308 9.27952 4.07181 4.29783 6.08412 8.84851 7.96866 0.23193 3.82158 8.67078 9.65388 5.68846 1.69618 6.07110 3.16846 4.20385 3.83329 1.26252 6.50128 7.04418 1.77393
4.72406 1.87009 6.79428 7.37695 7.40505 6.74054 6.00426 6.19400 1.22543 7.75831 4.77663 2.81757 1.08617 9.21224 6.91684 2.88476 2.61656 8.24042 6.36355 6.69509 3.42505 1.81620 9.11893 8.40918 6.92425 2.74940 9.66128 2.28034 5.72130 1.34068 2.89771 3.67640 7.43359 8.62246 4.83146 7.57525 9.00426 3.72894 5.94156 7.91814 7.05954 9.89375 1.69195 7.33685 9.06133 3.93744 2.03164 0.38639 7.20185 0.85025 8.42409 7.68220 5.41727 1.99226 6.59012 0.91769 1.08265 3.12946 7.41916 5.23322
2.54813 1.73755 8.94613 8.89572 7.99022 8.67815 3.93744 0.53608 4.60626 9.04936 1.61382 4.38820 4.48672 9.98912 3.00936 3.39755 7.66301 1.56953 0.69601 2.40806 8.76121 2.78502 5.01785 9.26053 9.87393 2.69220 4.12282 0.74051 7.06855 0.30044 8.59570 2.50045 2.34234 0.96568 5.57572 3.93648 4.45883 0.11204 7.70502 5.91596 4.42014 4.86394 4.04129 9.99879 2.34205 4.30700 7.70213 2.77939 7.82484 9.31309 3.97874 4.70535 6.62267 3.90294 0.16081 7.34686 4.88855 4.69146 7.86708 4.99658
1.27293 5.79714 4.17078 3.16576 0.71291 8.94906 8.99403 9.05341 9.60012 9.18613 9.60405 3.81865 6.13463 6.74148 1.82279 1.92187 5.47976 2.92736 0.73128 6.55794 1.78757 7.70416 2.71788 1.46226 0.64413 2.20460 5.08019 1.24135 7.14569 2.50223 3.48645 4.77381 8.85175 2.14422 0.09879 3.65783 6.75924 3.20329 1.62000 0.17797 6.41219 4.51397 6.88778 3.58399 6.28038 3.75905 8.07818 4.72382 9.86690 1.66517 0.66411 3.97328 8.78246 8.12163 5.68400 0.67012 4.65562 7.01117 0.29205 1.60259
2.77710 0.32649 1.28438 8.56818 8.26859 7.18443 9.43331 4.92230 7.86499 5.75009 0.58103 0.76642 6.39972 2.48625 6.33742 3.24890 4.72451 9.33913 2.04526 2.73974 0.29349 0.06879 3.89255 9.13603 1.73976 4.09974 5.97161 6.83061 9.52183 7.75221 4.56301 8.49139 4.63393 4.45632 9.31155 0.90628 9.04138 4.60266 9.63969 7.04668 5.01448 7.23422 7.26565 4.11491 0.40545 1.97046 2.23883 2.80077 0.50740 3.16500 5.87850 1.88726 6.61467 6.25721 4.00162 3.99790 0.81655 8.22347 1.79476 8.75363
4.07957 0.66297 7.63294 9.43424 9.41810 8.69793 0.28190 6.25005 1.02273 1.40836 4.95634 0.38487 6.01139 9.64553 3.48466 7.82559 5.12641 5.17751 1.37811 6.61578 9.58002 8.30582 8.00486 3.83132 6.76660 1.43405 6.14465 9.85108 1.72133 0.90057 9.21690 6.52326 4.61582 8.28515 8.33349 9.13426 9.86870 5.06148 0.74442 7.10200 6.93507 8.55852 2.55575 0.40734 6.41493 8.61305 9.77216 4.49141 7.14840 3.82471 1.55903 6.25879 8.99943 9.00178 0.31587 0.57615 2.76060 4.92747 8.42816 1.38574
1.98482 6.01114 9.72271 1.29969 7.10512 6.74398 3.41429 4.65187 3.83267 2.89170 9.73865 4.18277 9.14112 5.23238 5.69643 2.94931 6.73610 9.21321 5.77367 4.06700 4.23359 2.56324 2.51391 9.03779 9.76021 1.78426 9.55133 8.78245 9.89160 5.59581 9.50935 3.03416 6.20265 6.95693 4.07767 9.63562 4.90780 3.26823 7.62469 7.52743 1.49418 5.22372 0.11002 7.95395 1.56530 2.46431 4.16479 7.16910 9.06853 6.79317 8.84365 0.37001 5.16013 4.00065 2.60159 4.26825 5.83842 1.01462 6.31762 9.87942
6.25185 2.78751 9.13586 9.55710 6.95019 1.96067 3.06977 4.39614 3.20936 4.23366 6.66197 4.47956 9.73721 0.86391 0.39619 2.22259 7.82609 2.64621 9.96891 8.15399 0.05501 5.20982 4.01399 6.03148 6.08986 0.58899 5.23679 6.52325 7.81704 9.20926 7.78554 0.83416 0.48074 1.43583 5.03726 6.11579 1.70773 8.43332 2.92146 4.85743 0.61727 5.07375 5.45543 8.51583 2.60321 8.56264 5.88088 2.65807 0.95321 0.27476 2.71442 1.37945 2.23257 0.99036 1.13701 4.94016 3.52057 5.87405 0.93805 3.49863
5.75150 1.63325 7.42274 2.04660 1.61290 1.11233 9.09564 2.21448 7.10295 0.93753 7.96983 9.71889 7.29989 8.56593 6.45943 0.68015 1.82182 2.34597 3.25173 4.63967 1.51984 8.18229 6.53100 9.60478 1.64618 4.40484 4.18562 4.69205 1.60899 4.02804 7.79299 5.13035 4.48782 0.08370 7.13707 9.20208 8.99480 6.05810 1.07724 0.62282 4.68038 9.49414 2.70529 2.74202 7.80042 3.10763 6.03035 1.07217 9.04671 1.49669 7.58186 0.20219 0.41324 3.04175 3.80551 1.22635 9.95917 9.07743 7.89132 3.68397
6.39134 0.14205 3.52082 0.22701 7.66044 0.29694 7.48696 0.51858 6.02032 5.79831 1.61136 6.07279 6.65125 8.43665 8.88926 5.19386 5.28781 7.66006 0.50017 1.95697 0.61159 1.85530 1.59914 5.21782 5.19654 7.53338 5.52516 1.88443 3.71601 9.05838 4.19886 1.73423 3.57812 4.19434 4.80995 8.23139 4.42133 1.88996 9.89993 1.97929 0.52835 7.50204 9.06984 6.23931 3.26213 7.93479 8.49757 7.61339 8.78903 4.87330 0.12930 4.05417 7.40558 0.66291 1.23800 0.67693 9.96267 4.67964 3.78620 3.90422
6.16282 1.06486 9.27369 8.88925 1.72650 9.74053 1.33813 5.10406 6.78740 3.08525 7.50142 4.37832 0.82143 3.69435 1.05973 3.73843 8.60817 8.10142 5.67563 7.66480 3.16547 3.66335 7.13694 0.01904 3.10675 9.85748 1.99544 9.85086 0.60001 2.74523 7.92680 8.53607 3.32307 7.51276 0.62153 3.99513 3.25357 8.95789 7.89662 0.76559 0.08387 3.17500 4.12763 9.99548 1.51193 3.85149 0.10151 1.64959 9.61424 5.61590 1.46031 4.71390 6.70274 5.37310 7.73708 4.81192 0.98448 6.78352 5.24952 8.19100
8.20986 1.74840 3.11622 1.60961 5.80636 1.09205 6.95950 8.82040 3.52906 7.03172 5.49983 2.00152 6.40502 0.04436 5.21036 3.20544 0.07278 6.41223 0.49709 8.81135 1.31877 9.93027 0.88377 8.75913 3.35596 8.04294 2.66378 4.23097 5.02725 9.79309 3.19345 1.03665 2.97136 8.47931 1.40712 1.18610 0.91074 6.41996 2.35682 8.43387 0.62269 3.11930 7.18659 8.03697 4.70825 2.12325 5.72516 0.45642 0.38527 4.85457 8.56408 6.16476 1.08597 8.81493 4.58597 2.14077 2.18585 4.45628 7.04099 7.79299
3.36183 9.60150 6.09118 1.35136 6.41976 2.63391 3.06560 6.41861 3.75200 4.34573 0.22878 4.50544 2.11714 2.68723 7.50372 8.06423 4.60324 6.05839 5.00259 7.28564 2.76909 2.74159 4.35642 8.73234 3.53345 8.39502 4.24884 3.28130 0.19536 1.30922 0.91073 4.83399 4.64938 4.19115 4.92066 5.11669 8.49034 9.12443 1.29311 2.25242 9.47903 4.42784 3.08756 2.54928 7.73316 6.18752 8.94451 4.57790 6.64223 4.93619 4.38526 9.27189 8.54371 1.45244 9.75978 2.00384 1.81875 3.96556 8.48025 4.37208
9.66586 6.29861 0.15997 5.26437 8.08603 1.64718 9.07791 3.51305 7.29129 9.81415 4.95339 2.38883 1.34021 5.38527 5.13661 1.42017 9.36929 7.01457 8.87736 8.70023 0.32908 8.16656 8.22620 6.74062 6.45358 4.91779 6.95167 6.48125 7.22813 2.10593 6.93302 8.67438 6.59162 4.13560 1.85020 8.61322 8.20231 7.05167 9.78063 1.54567 1.48224 4.70104 1.80737 8.22983 8.48530 9.71636 3.33059 6.97623 2.78684 6.84802 2.35822 4.22278 4.84532 6.22861 2.78647 2.35754 1.34284 5.20558 6.55967 2.53432
2.78845 9.28277 2.40070 3.72117 3.12180 2.10829 4.33149 6.43496 4.96214 1.39126 9.02226 1.76747 7.40850 2.36071 3.63635 4.28881 2.09004 4.65825 4.59290 1.58103 4.71339 8.68989 9.73800 4.01917 6.01378 0.24339 9.88933 3.16482 7.74817 6.05100 2.30798 8.73610 8.93358 8.14742 7.94523 1.41950 0.24403 9.69131 9.23052 3.14308 9.57306 1.95238 5.30137 2.47392 9.29030 0.94092 5.57064 3.62548 3.74936 2.48779 0.44518 9.39249 6.45707 7.63630 8.53509 3.47768 2.55938 6.24235 7.02476 3.64801
8.87218 0.07209 5.07049 9.88094 8.35044 6.81478 7.55871 6.29891 1.21247 3.65781 7.91047 9.64042 1.67115 4.73495 0.34225 6.92427 3.58400 4.70418 1.75991 7.61331 6.36418 2.49827 1.69980 9.61638 6.96812 2.01670 0.50002 1.66460 6.81133 5.50968 0.29253 1.13781 1.43545 2.41294 1.81445 4.54049 6.63373 3.26844 2.85286 9.53010 7.52793 9.12174 3.47587 9.50114 0.30127 4.95481 1.56764 1.03566 9.51115 1.47756 6.18736 6.25421 4.54772 7.59224 7.09533 8.88434 8.72508 2.82709 4.62323 6.80672
3.72702 2.95530 3.63401 0.80524 6.81239 4.84754 9.22388 7.75975 9.70363 0.85395 9.45481 2.28091 0.12640 1.89776 8.32734 1.74721 4.40513 4.08100 1.88284 3.75941 3.63592 0.27645 1.08193 1.22896 2.06875 5.60005 5.37914 5.00526 1.49670 2.46839 7.30525 4.44624 4.72756 1.61820 5.65618 8.56924 2.01581 6.64736 9.78555 1.82199 2.42302 1.39872 5.78589 4.42767 8.70212 1.24452 4.36235 1.61572 7.73446 7.04245 1.39675 7.60043 4.76781 1.47627 1.95101 6.24419 8.72890 6.66612 9.61230 4.27358
5.05597 7.83274 3.06502 2.24240 2.01233 4.37284 0.69277 9.63708 3.92185 2.57994 2.80981 2.30225 6.93828 0.93764 5.29633 0.25023 6.63349 2.53466 1.77483 0.83853 2.36076 2.48769 8.61522 2.13237 0.17957 9.59849 7.92389 1.93623 5.88275 2.47167 2.15344 3.10046 1.73304 4.61662 9.27333 9.16714 9.63239 9.95962 7.54653 3.65063 0.33326 1.21954 2.13063 5.20932 3.79438 4.87584 7.51701 7.39696 4.03878 3.67167 6.94442 0.24286 8.96052 7.55172 1.35267 1.06356 3.51030 0.18255 1.56760 3.79429
8.85296 8.42304 5.58265 9.01501 9.04345 8.40610 3.75151 1.51509 3.61300 3.28162 3.12340 4.15704 0.22865 3.88936 6.77105 2.55308 3.61796 3.02851 5.87368 7.13256 1.29868 1.59623 6.62637 6.37840 0.00343 8.92644 2.97344 3.97211 7.13256 5.68640 9.83788 6.55166 7.11247 2.73211 6.08845 1.01197 5.03852 8.17130 0.00866 5.18008 7.46082 5.25835 1.28625 5.31161 3.95930 0.42923 2.07368 9.44385 4.06233 2.09241 0.17263 7.74694 9.45221 4.16940 7.79806 1.25332 5.09861 7.30487 1.64026 4.00122